,090002.OF,165509.OF,161216.OF,050002.OF,159915.OF,165511.OF
0,0.10000000428991997,0.10000029549010032,0.6999997002331033,0.07998576880072789,0.010000013347412925,0.010014217838735481
1,0.10000000294261648,0.10000017117412338,0.6999998258750084,0.07995550895640646,0.010000009752993838,0.010044481298851486
2,0.10000000522698209,0.10000035557062027,0.6999996392182496,0.07974008894568017,0.010000015751973457,0.010259895286494404
3,0.10000000034128087,0.10000002522506385,0.699999974433286,0.07950351912565068,0.010000000953326628,0.010496479921391959
4,0.10000000007142745,0.10000000562734598,0.6999999943010483,0.07924962630767325,0.010000000189121455,0.010750373503383506
5,0.1000000024186315,0.1000002039058116,0.6999997936751243,0.0789919008229884,0.010000006037024263,0.011008093140420014
6,0.10000000136882274,0.10000012368518146,0.699999874947947,0.07873594608379993,0.010000003294183912,0.011264050620064874
7,0.10000000106104394,0.10000010090963857,0.6999998980309134,0.07847769450267217,0.010000002538597896,0.011522302957134018
8,0.10000000089660853,0.10000008936443804,0.6999999097399913,0.07821787076474486,0.010000002160995303,0.011782127073222072
9,0.1000000007825832,0.10000008163064272,0.6999999175873874,0.07795659959605637,0.01000000192063753,0.01204339848269266
10,0.10000000070001726,0.10000007618454139,0.6999999231157638,0.07769390713343957,0.010000001767817113,0.012306091098420926
11,0.10000000063998708,0.10000007237624961,0.6999999269838914,0.0774297997046437,0.010000001677839748,0.01257019861738855
12,0.10000000059519921,0.10000006967974466,0.6999999297250529,0.07716427732089794,0.010000001631010974,0.01283572104809441
13,0.1000000005602156,0.1000000677074876,0.6999999317322004,0.07689733679217042,0.010000001613164833,0.013102661594761221
14,0.1000000005312424,0.10000006619040634,0.6999999332781824,0.07662897309527042,0.010000001614771232,0.01337102529012713
15,0.10000000050577763,0.1000000649512873,0.6999999345427033,0.07635918012109462,0.010000001629735968,0.013640818249401318
16,0.10000000048223691,0.10000006387716821,0.6999999356403025,0.07608795111682716,0.010000001654286557,0.013912047229178753
17,0.10000000045967924,0.10000006290166247,0.6999999366383037,0.07581527893853486,0.01000000168627081,0.014184719375548832
18,0.1000000004375176,0.10000006198072606,0.6999999375813368,0.07554115620363312,0.010000001724413633,0.014458842072372795
19,0.10000000041537291,0.10000006108267354,0.6999999385014664,0.07526557537516221,0.01000000176800831,0.014734422857316702
20,0.10000000039299342,0.10000006018417273,0.6999999394222778,0.07498852880738058,0.010000001816827071,0.015011469376348407
21,0.1000000003701767,0.10000005923626436,0.6999999403929504,0.0747100087784426,0.010000001870251777,0.015289989351914115
22,0.1000000003484549,0.10000005782147124,0.6999999418297789,0.07443000751725867,0.010000001918638611,0.015569990564397822
23,0.10000000032657848,0.10000005642181344,0.6999999432516376,0.07414851714566054,0.0100000019753909,0.01585148087891903
24,0.10000000030483594,0.10000005520764434,0.6999999444878889,0.0738655297587524,0.010000002052144128,0.01613446818873426
25,0.1000000002770114,0.1000000532077238,0.699999946515986,0.07358103748037632,0.010000002121263011,0.016418960397639567
26,0.10000000028669868,0.10000005559143336,0.6999999441227305,0.07329503124910956,0.010000003454588078,0.0167049652954399
27,0.10000000030208854,0.10000005888763526,0.6999999408112413,0.07300750377695951,0.010000005183817088,0.016992491038258332
28,0.10000000031692306,0.1000000624037093,0.699999937280431,0.07271844710374584,0.01000000716768849,0.017281545727502557
29,0.10000000032821955,0.10000006540436787,0.6999999342685488,0.07242785333095023,0.010000009074619743,0.017572137593293794
30,0.10000000033532248,0.10000006782620978,0.6999999318396491,0.07213571413912141,0.010000011119210608,0.01786427474048649
31,0.10000000034060573,0.10000007021632472,0.6999999294442789,0.07184202103497428,0.010000013673536808,0.018157965290279597
32,0.10000000034350989,0.10000007245917464,0.6999999271985354,0.07154676567678271,0.010000016846699215,0.018453217475298215
33,0.10000000034493531,0.10000007474527858,0.6999999249110033,0.07124993955664126,0.010000020893508963,0.01875003954863246
34,0.10000000034734624,0.10000007762452723,0.6999999220293354,0.07095153387276533,0.010000026396039061,0.019048439729986807
35,0.10000000034949294,0.10000008091727336,0.6999999187344194,0.07065153962910745,0.01000003413696913,0.01934842623273759
36,0.1000000003520837,0.10000008489117752,0.699999914757882,0.07034994701286038,0.010000045881844631,0.019650007104151882
37,0.1000000003565092,0.10000009003145865,0.6999999096131044,0.07004674463988728,0.010000065379202035,0.019953189979838408
38,0.10000000036569659,0.10000009728220312,0.699999902353059,0.06974191762913523,0.010000100815696798,0.020257981554209284
39,0.100000000384755,0.10000010826884176,0.6999998913471813,0.06943544355050554,0.010000170100028415,0.020564386348688003
40,0.10000000042259488,0.1000001258468807,0.6999998737310179,0.06912728309258688,0.010000312845611292,0.020872404061308362
41,0.10000000049806716,0.10000015553130714,0.6999998439706929,0.06881735413810361,0.01000062389735718,0.021182021964472074
42,0.10000000066056178,0.10000020966058354,0.6999997896783507,0.06850538590875295,0.010001441187860175,0.02149317290389096
43,0.10000000106029876,0.10000033156422815,0.6999996673747019,0.0681892783687045,0.010005459749518693,0.021805261882548197
44,0.10000000349381641,0.10000101861407945,0.6999989778982029,0.06784585336796706,0.010042540908771078,0.022111605717163058
45,0.10000000167018716,0.1000004230429265,0.6999995752823671,0.06751190006375005,0.010065236063557059,0.02242286387721213
46,0.10000000055889999,0.10000014904073512,0.6999998503991068,0.06661670602008074,0.010808817707721982,0.022574476273455407
47,0.10000000132639351,0.10000045143020178,0.6999995472440199,0.06527471818034909,0.012125843612015618,0.02259943820702005
48,0.10000000053805996,0.10000019919657656,0.6999998002656079,0.06393357017354144,0.013439579729162477,0.022626850097051596
49,0.1000000003353006,0.10000012373275309,0.6999998759326461,0.06257519956910591,0.014773307139793884,0.02265149329040035
50,0.10000000024411171,0.1000000878620622,0.6999999118945174,0.06120887342098586,0.016115071306551192,0.02267605527177163
51,0.10000000019376255,0.10000007010433483,0.6999999297024256,0.059835123215015974,0.01746417517301451,0.022700701611446522
52,0.10000000015924819,0.10000006030397923,0.6999999395371157,0.058454036239409764,0.018820494135746914,0.02272546962450036
53,0.10000000013163955,0.10000005151806571,0.6999999483504261,0.05706559805283806,0.02018403462617003,0.022750367320860478
54,0.10000000018332858,0.10000005919864975,0.6999999406176963,0.055669774032773546,0.02155482996036327,0.0227753960071884
55,0.10000000019631472,0.1000000577490369,0.6999999420546232,0.05426652453335289,0.022932918113612335,0.02280055735305996
56,0.10000000019864577,0.1000000545380023,0.6999999452639373,0.05285581150373477,0.02431833634048822,0.022825852155191662
57,0.10000000026139454,0.10000006555368357,0.6999999341858462,0.05143759982542875,0.025711118442012765,0.02285128173163416
58,0.10000000031328975,0.10000007687290821,0.6999999228150097,0.050011848373103025,0.02711130458976851,0.02287684703592086
59,0.10000000034745012,0.10000008681506938,0.6999999128388803,0.048578516690923945,0.028518934556217835,0.022902548751458317
60,0.10000000032374956,0.1000000760443538,0.6999999236332046,0.047137556243977786,0.029934057563598276,0.022928386191116066
61,0.10000001969843451,0.1000037428856833,0.6999962374672374,0.04569016273205901,0.03135528740387006,0.02295454981271569
62,0.10000001829416827,0.10000320656292944,0.6999967751099488,0.04423367326514855,0.032785686852545924,0.022980639915259143
63,0.10000000027394673,0.10000004447714493,0.6999999552481017,0.042768530451694334,0.03422474533716299,0.023006724211949464
64,0.10000000027418268,0.10000004266849098,0.6999999570565809,0.04129667552548906,0.03567020889206332,0.023033115583193
65,0.1000000193021418,0.1000030528155017,0.6999969278596786,0.03981810966220005,0.037122060232468376,0.02305983012800955
66,0.10000002295907078,0.10000341934509857,0.6999965577399446,0.038330741548318066,0.038582722603396076,0.02308653580417198
67,0.10000000031308201,0.10000004322492162,0.6999999564628904,0.03683398520845504,0.040052879615012936,0.02311313517563801
68,0.10000000035117641,0.10000004653259383,0.6999999531172539,0.035330574338561065,0.04152933286711355,0.023140092793301377
69,0.10000000036150697,0.10000004540832651,0.6999999542310846,0.033819166759421995,0.04301363984600997,0.02316719339364995
70,0.10000000038923337,0.10000004578970347,0.6999999538219348,0.03229972261026798,0.04450583918265436,0.023194438206206185
71,0.1000000004282304,0.10000004795862237,0.6999999516140175,0.03077219994464661,0.04600597185508634,0.023221828199396794
72,0.10000000048138032,0.10000005172500426,0.699999947794544,0.029236555783861716,0.047514080090333824,0.0232493641248759
73,0.10000000055258568,0.1000000570094635,0.6999999424390148,0.027692747375702303,0.0490302057631673,0.023277046860066587
74,0.10000000064797805,0.1000000639034863,0.6999999354498356,0.026140731888189526,0.05055439081124277,0.023304877299267793
75,0.10000000077623442,0.1000000726177151,0.6999999266077185,0.024580467147520914,0.05208667631849686,0.02333285653231426
76,0.10000000094999377,0.10000008349187453,0.6999999155603401,0.023011912814157726,0.053627101097002305,0.02336098608663154
77,0.100000001159884,0.10000009441243522,0.6999999044305412,0.02143503050744598,0.05517570155081397,0.02338926793887982
78,0.10000000061180814,0.10000004054352063,0.6999999588454443,0.01984970241720677,0.056732608949323686,0.023417688632696453
79,0.10000000028628261,0.10000001295429604,0.6999999867594383,0.018255954121117638,0.058297783867601996,0.023446262011263486
80,0.10000000023788269,0.10000000801040872,0.699999991751698,0.016653774626804313,0.05987122949746154,0.023474995875744822
81,0.10000000048345893,0.10000001551605783,0.6999999840003455,0.015043343856846055,0.061452720270296406,0.02350393587299529
82,0.10000000083060215,0.10000002369591984,0.6999999754731839,0.013425345925532278,0.06304143075970248,0.023533223315059325
83,0.10000000189909533,0.10000004246134238,0.6999999556403912,0.011816377443832706,0.06461756425306062,0.023566058302277905
84,0.10000000287381348,0.10000005501825592,0.6999999421020867,0.010319619673905121,0.06605816495994761,0.023622215371991287
85,0.10000000258253607,0.10000006223405572,0.6999999351847923,0.010027083342908142,0.06606177834185942,0.02391113831384838
86,0.10000000149011759,0.10000004975751305,0.6999999487505656,0.010001020127731006,0.06574601729693019,0.02425296257714265
87,0.10000000132914917,0.10000005646788782,0.699999942201147,0.010000085028672223,0.06539845045479799,0.024601464518345696
88,0.10000000177677164,0.1000000872773325,0.6999999109438706,0.010000037255544368,0.06504796648746826,0.02495199625901275
89,0.10000000185148518,0.10000009076990264,0.6999999073786247,0.01000001602905962,0.06469558642470542,0.02530439754622255
90,0.1000000048714908,0.10000021985834413,0.6999997752736506,0.01000002212933437,0.06434129687327854,0.02565868099390155
91,0.10000000722030052,0.10000033114573005,0.6999996616404758,0.010000023292284816,0.06398513074295202,0.02601484595825667
92,0.10000000868701564,0.10000041800415076,0.6999995733185989,0.010000021345743394,0.06362707508190968,0.02637290356258178
93,0.10000000929630361,0.10000047732334769,0.6999995133936091,0.01000001788932546,0.063267117595136,0.026732864502278096
94,0.10000000923098933,0.1000005112087023,0.6999994795767415,0.010000014139711997,0.06290524643329151,0.027094739410563333
95,0.10000000859439034,0.10000051704740001,0.6999994743751635,0.01000001065871135,0.06254145055033022,0.027458538774004507
96,0.10000000762067089,0.10000050159539851,0.6999994907984164,0.010000007823448892,0.06217571911402837,0.027824273048037057
97,0.10000000651648544,0.10000047417751483,0.6999995193161871,0.010000005735360497,0.0618080416775386,0.02819195257691365
98,0.100000005346425,0.10000043822343545,0.6999995564347219,0.010000004254598396,0.0614384080800735,0.028561587660745794
99,0.10000000425587818,0.10000040324172854,0.6999995925008508,0.010000003273240006,0.061066808096574283,0.028933188631728078
100,0.10000000363179176,0.10000039946134928,0.6999995968995039,0.010000003581616878,0.06069323055389872,0.02930676587183945
101,0.1000000038842247,0.10000045373292478,0.6999995423746319,0.01000000703696541,0.06031766289620517,0.029682330075047947
102,0.10000000407740131,0.1000005122820294,0.6999994836317806,0.010000009028328854,0.05994009985686201,0.03005989112359792
103,0.10000000421268326,0.10000057565333266,0.699999420124905,0.01000000993851853,0.059560530386592626,0.030439459683967912
104,0.10000000429450175,0.10000064462111255,0.6999993510752709,0.0100000100760563,0.059178943467354216,0.030821046465704403
105,0.10000000432945416,0.10000072025134928,0.699999275410268,0.010000009691404537,0.058795328093409274,0.031204662224114853
106,0.100000004325561,0.10000080397452955,0.6999991916913544,0.010000008984778945,0.05840967326436088,0.03159031775941527
107,0.10000000429167975,0.10000089766921358,0.6999990980310784,0.010000008111277174,0.058021967979900835,0.03197802391685034
108,0.10000000423705338,0.10000100376315672,0.6999989919924106,0.01000000718569244,0.057632201235836344,0.032367791585850604
109,0.10000000417097887,0.10000112536137572,0.699998870461011,0.010000006287899304,0.05724036201924957,0.032759631699485585
110,0.10000000410258614,0.10000126641351907,0.6999987294780806,0.010000005468893772,0.056846439305054605,0.03315355523186572
111,0.10000000404072731,0.10000143194347785,0.699998564010862,0.010000004757133614,0.05645042205034329,0.03354957319745598
112,0.1000000039939628,0.10000162836759868,0.69999836763444,0.010000004164648956,0.05605229919388406,0.03394769664546545
113,0.10000000397063404,0.10000186395091018,0.6999981320754429,0.01000000369246662,0.05565205965533988,0.03434793665520616
114,0.10000000397899345,0.1000021494771779,0.6999978465418577,0.010000003335056193,0.05524969234158405,0.03475030432533075
115,0.10000000402721186,0.10000250281055313,0.6999974931613889,0.010000003119957582,0.05484518617053771,0.035154810710350856
116,0.10000000412068215,0.10000295834593062,0.6999970375338341,0.010000003161228494,0.0544385301632803,0.0355614666750444
117,0.10000000426823961,0.10000352809018782,0.69999646764341,0.010000003261182345,0.054029713262144854,0.03597028347483554
118,0.1000000044949223,0.10000426518222723,0.699995730326181,0.010000003429567765,0.05361872474457174,0.03638127182253008
119,0.10000000481718527,0.10000524931076686,0.699994745876975,0.010000003676540017,0.05320555423500013,0.03679444208353288
120,0.10000000526694586,0.10000662806623072,0.6999933666734138,0.010000004026614787,0.05279019228465038,0.03720980368214449
121,0.1000000059083627,0.10000868898393228,0.6999913051158979,0.010000004534747196,0.05237263144891737,0.03762736400814259
122,0.10000000687836755,0.10001201592071837,0.6999879772103144,0.010000005323949065,0.05195286855348841,0.03804712611316226
123,0.10000000847244707,0.10001781660643354,0.699982174930554,0.010000006663173393,0.05153090951593365,0.03846908381145827
124,0.10000000011310221,0.10000028597171688,0.6999997139152473,0.010000000091136623,0.05110636877165959,0.0388936311371375
125,0.1000000001658768,0.10000049330685788,0.6999995065272429,0.0100000001374642,0.050679827183146994,0.039320172679411125
126,0.100000000264291,0.10000089881334008,0.6999991009221417,0.010000000224285575,0.050251020269700665,0.03974897950624114
127,0.10000000044226369,0.10000171725342707,0.6999982823036854,0.010000000381082388,0.04981993915354606,0.04018006046599537
128,0.10000000077255113,0.10000368934929696,0.6999963098769393,0.010000000675000663,0.049386582727860805,0.04061341659835127
129,0.1000000016335686,0.10001088500059845,0.6999891133646071,0.01000000148500062,0.04895099934524925,0.041048999170975986
130,0.10000000508262406,0.10004439609311243,0.6999555988282856,0.010000004899169227,0.04851349040146614,0.04148650469534257
131,0.10000000019224561,0.10000253461656691,0.6999974651914148,0.010000000193762668,0.0480725325077272,0.04192746729828267
132,0.10000000202914418,0.10004608898946338,0.6999539089791412,0.010000002255945196,0.04763050549271849,0.042369492253587576
133,0.10000000000003578,0.10000000407847508,0.6999999959214892,0.010000000000048276,0.04718478533197599,0.04281521466797572
134,0.10000000790231414,0.10134666031542364,0.6986533317701934,0.01000000876503576,0.046757582906809286,0.043242408340223894
135,0.10000000080432057,0.10280167942172988,0.6971983197735983,0.010000000833468569,0.046329648668365725,0.04367035049851701
136,0.10000000011217855,0.10447494381642147,0.6955250560715435,0.010000000104066454,0.04590258842724862,0.04409741146854157
137,0.10000000297243794,0.10619507479163862,0.693804922236444,0.010000002584075874,0.0454738231962612,0.04452617421914222
138,0.10000000104442518,0.10788315607837158,0.6921168428759072,0.010000000843992675,0.04504216478368279,0.04495783437362058
139,0.10000000051856284,0.10959469610378099,0.6904053033769053,0.010000000403874047,0.044608426629786146,0.04539157296709081
140,0.10000000027511048,0.11131787467772498,0.6886821250468991,0.010000000208916442,0.04417241975315647,0.04582758003819261
141,0.10000000014768964,0.11305095234327156,0.686949047509012,0.010000000108896371,0.043734105240983125,0.0462658946501472
142,0.1000000084449267,0.11481795092136156,0.6851820406395784,0.010000006041759418,0.04329382439057335,0.04670616956180069
143,0.10000000532627402,0.1165585899399651,0.683441404741014,0.010000003729338527,0.042850674393454295,0.04714932186995415
144,0.10000000363746678,0.11831458698452374,0.6816854093840683,0.010000002522901584,0.04240525816029237,0.04759473931074722
145,0.10000000259519888,0.12008259057965419,0.6799174068294945,0.010000001791263915,0.04195751283695787,0.04804248536743066
146,0.10000000190613384,0.12186119045135338,0.6781388076453692,0.010000001301519063,0.0415074041899655,0.0484925945056591
147,0.10000000139859852,0.12364981000505897,0.6763501885980433,0.010000000945663636,0.0410549102671848,0.04894508878545078
148,0.10000000102361635,0.1254483011503966,0.6745516978268671,0.010000000685447836,0.040600015416176055,0.04939998389749617
149,0.1000000007506113,0.12725656451423237,0.6727434347354931,0.010000000497914609,0.04014270460530067,0.04985729489644787
150,0.10000000055009961,0.12907460290952946,0.670925396540378,0.010000000362584128,0.039682964285705905,0.05031703535170283
151,0.1000000004078811,0.13090241847596032,0.6690975811159907,0.010000000267783636,0.039220780805414725,0.05077921892696958
152,0.10000000030695697,0.1327400320970704,0.667259967595733,0.010000000201467737,0.038756140709456995,0.05124385908931479
153,0.10000000023424215,0.13458746894915763,0.6654125308163533,0.010000000154403992,0.038289030548142616,0.051710969297700186
154,0.10000000018031935,0.13644475190324162,0.6635552479162212,0.010000000119968917,0.03781943675227231,0.052180563127976635
155,0.10000000013865583,0.13831194684879516,0.6616880530123783,0.010000000093589296,0.0373473463177703,0.05265265358881119
156,0.1000000105145943,0.14020068214748646,0.6597993073261653,0.010000007240314399,0.0368729181277876,0.05312707464365198
157,0.10000000770211646,0.14208510168023347,0.6579148906112182,0.010000005450013585,0.0363957538827712,0.05360424067364708
158,0.10000000524292645,0.14398013673190393,0.6560198580237818,0.010000003860871947,0.03591606085373739,0.05408393528677855
159,0.10000000524617032,0.14588647286344503,0.6541135218933405,0.010000003764168618,0.03543383534443345,0.054566160888442246
160,0.1000000057639136,0.14780333031629056,0.6521966639254131,0.010000004048062183,0.034949051379601935,0.05505094456671863
161,0.10000000591443901,0.14973040098812662,0.6502695931042215,0.01000000416618394,0.03446168978134314,0.05553830604568557
162,0.10000000572068996,0.1516676743077256,0.6483323199779488,0.01000000426240865,0.03397173553471565,0.05602826019651142
163,0.10000000523118653,0.15361513948450514,0.6463848552887083,0.010000004523100325,0.03347917345701778,0.05652082201548191
164,0.10000000476549968,0.15557310270558014,0.6444268925315626,0.010000004676361985,0.03298399443160746,0.05701600088938832
165,0.1000000042110544,0.15754158271288857,0.6424584130774472,0.01000000429727631,0.03248618436628457,0.057513811335048924
166,0.1000000036805973,0.15952061369570136,0.6404793826242982,0.010000003586395394,0.03198572870018564,0.058014267712822344
167,0.10000000335889188,0.1615102560431466,0.6384897405978741,0.010000003192144667,0.03148261288363282,0.058517383924310065
168,0.10000000309724276,0.16351053190384812,0.6364894649983047,0.010000002889728566,0.030976822386295188,0.05902317472458047
169,0.10000000288579937,0.16552148751568732,0.6344785095975274,0.010000002661310972,0.03046834286032009,0.05953165447935495
170,0.10000000271599385,0.16754317211409495,0.632456825168651,0.010000002492870207,0.029957159919444646,0.060042837588945415
171,0.10000000258121386,0.16957563953185478,0.630424357885483,0.010000002374130451,0.029443259165279637,0.06055673846203831
172,0.10000000248017601,0.17161894049022544,0.6283810570280407,0.010000002301312016,0.028926626074884897,0.06107337162536102
173,0.10000000239983996,0.1736731260006254,0.6263268715979105,0.01000000226006033,0.02840724602700059,0.06159275171456316
174,0.10000000233653696,0.17573825200763787,0.6242617456541669,0.010000002245689301,0.027885104409711058,0.06211489334625783
175,0.10000000228725184,0.1778143722945936,0.6221856254164854,0.010000002254458693,0.027360186490791614,0.0626398112564189
176,0.10000000224953431,0.17990154414747378,0.6200984536013276,0.010000002283354332,0.02683247751640477,0.06316752020190518
177,0.10000000222141106,0.18199982509950105,0.6180001726774388,0.010000002329914786,0.026301962654626067,0.06369803501710826
178,0.10000000220130734,0.18410926997178473,0.6158907278252799,0.010000002392103182,0.025768626954312934,0.06423137065521191
179,0.10000000218797638,0.18622993980047284,0.6137700580099464,0.01000000246821463,0.02523245548733729,0.06476754204605255
180,0.10000000218045665,0.18836189196698638,0.6116381058509762,0.010000002556838012,0.024693433186532023,0.0653065642582108
181,0.10000000217794237,0.1905051853141659,0.6094948125063329,0.010000002656734813,0.024151544948765896,0.06584845239605812
182,0.10000000217990508,0.19265988023396885,0.6073401175845863,0.010000002767031292,0.02360677562391256,0.0663932216105959
183,0.10000000223281515,0.19482603823441766,0.6051739595311343,0.010000002940340228,0.023059110154245693,0.066940886907047
184,0.10000000229990336,0.19700371931070346,0.6029962783876461,0.010000003133993112,0.022508533256461953,0.06749146361129185
185,0.10000000237362454,0.19919298234196628,0.6008070152825482,0.010000003340137337,0.021955029683846244,0.06804496697787757
186,0.10000000245366113,0.20139389039890282,0.5986061071454608,0.010000003559689915,0.02139858431198778,0.06860141213029756
187,0.10000000254144888,0.20360650522482304,0.5963934922316431,0.010000003796554567,0.020839182151258066,0.0691608140542724
188,0.10000000263953535,0.20583088885776255,0.5941691085005185,0.010000004057103195,0.020276808465596093,0.06972318747948435
189,0.10000000275132429,0.20806710527221314,0.5919328919742022,0.010000004350469266,0.019711449009162784,0.0702885466426282
190,0.10000000287667808,0.21031521817467466,0.5896847789463464,0.010000004684577412,0.019143090209321992,0.07085690510840145
191,0.10000000303618337,0.2125752936619244,0.5874247032996179,0.010000005090041633,0.01857171983737645,0.07142827507485625
192,0.10000000324898939,0.21484739761415897,0.585152599134712,0.010000005600620438,0.017997327384817692,0.07200266701670173
193,0.10000000354425541,0.21713159872475785,0.5828683977291498,0.010000006264269617,0.01741990517393641,0.07258008856363093
194,0.10000000396398825,0.21942796978671336,0.580572026248017,0.010000007145990523,0.016839449934130203,0.07316054292116081
195,0.10000000456476195,0.22173658233144855,0.5782634131034265,0.010000008328734395,0.01625596546399995,0.07374402620762857
196,0.10000000541916443,0.22405752188298317,0.5759424726988948,0.010000009915210533,0.01566947050786853,0.07433051957587872
197,0.10000000664756785,0.22639089169602128,0.5736091016594165,0.010000012086914301,0.01508002682549867,0.07491996108458145
198,0.10000000854184216,0.2287368634124225,0.5712631280509847,0.01000001531670854,0.014487840583486402,0.0755121440945557
199,0.10000001220128997,0.2310958729692798,0.5689041148354005,0.010000021397439796,0.013893640961084471,0.07610633763550548
200,0.10000000021653477,0.23346422682396073,0.5665357729594857,0.010000000366636964,0.013290330393446638,0.07670966923993519
201,0.10000000048563738,0.23584747617281795,0.5641525233411625,0.010000000786464259,0.012687972291325659,0.07731202692259213
202,0.10000000123534492,0.23824361333446314,0.5617563854289243,0.010000001916555592,0.012082865832309641,0.07791713225240253
203,0.10000000553119019,0.24065476967332616,0.5593452247968799,0.010000008091647796,0.011479423032000433,0.07852056887495558
204,0.1000000005181473,0.2430736387888067,0.5569263606932934,0.010000000707173096,0.010861939542954658,0.07913805974962483
205,0.10000000114861197,0.24551102910144823,0.5544889697507739,0.010000001355851903,0.01025358016512838,0.0797464184781857
206,0.10000001058897556,0.24813997314411249,0.5518600162562457,0.010000013066784634,0.010037712609739922,0.07996227433414164
207,0.10000000031928498,0.2508634914492056,0.5491365082317692,0.010000000414408542,0.010000538765775982,0.07999946081955583
208,0.10000000438066231,0.253620342495393,0.5463796531237505,0.010000005798097629,0.010004469093962326,0.07999552510813418
209,0.1000000012286049,0.2563882666661436,0.5436117321040337,0.01000000164060179,0.010000767834093953,0.07999923052652215
210,0.10000000052509783,0.2591724064913604,0.540827592983192,0.010000000699671777,0.010000253290637653,0.07999974601004015
211,0.10000000024789009,0.26197151902304444,0.5380284807290642,0.010000000330016686,0.010000096448268844,0.07999990322171593
212,0.1000000142358175,0.26478770193742873,0.5352122838346721,0.010000018808890449,0.01000419799519228,0.07999578318799898
213,0.10000000980046324,0.267615755314211,0.5323842348926932,0.0100000127562067,0.010002200386829191,0.07999778684959673
214,0.10000000736874241,0.2704594020676492,0.5295405905686541,0.010000009422846368,0.010001335471704379,0.07999865510040358
215,0.10000000572500735,0.273318371383574,0.5266816228943209,0.01000000718263675,0.010000875398415161,0.07999911741604582
216,0.10000000453266512,0.27619263454182547,0.5238073609268304,0.010000005565393833,0.010000593365772217,0.07999940106751294
217,0.10000000366547099,0.2790822331903865,0.5209177631444136,0.01000000438819018,0.010000409247689268,0.0799995863638494
218,0.10000000303997278,0.28198723108446094,0.5180127658752013,0.010000003533985943,0.01000028646952466,0.07999970999685438
219,0.10000000259003944,0.28490769869412086,0.515092298715134,0.010000002913809673,0.0100002041660018,0.07999979292089406
220,0.10000000226256395,0.28784371068877046,0.5121562870478178,0.010000002458203984,0.0100001487785289,0.07999984876411485
221,0.10000000201763946,0.2907953451864097,0.5092046527950866,0.010000002115670906,0.010000111206092295,0.07999988667910103
222,0.10000000182715152,0.29376268219063734,0.5062373159814052,0.010000001849969853,0.010000085359767374,0.07999991279106883
223,0.10000000167231782,0.2967458030412242,0.5032541952857505,0.010000001636624466,0.01000006721533194,0.07999993114875116
224,0.10000000154113495,0.2997447899101436,0.5002552085481309,0.010000001459604032,0.010000054146258477,0.07999994439472807
225,0.10000000142622657,0.3027597265153885,0.49724027205791616,0.010000001308637133,0.010000044455370201,0.07999995423646142
226,0.10000000132322459,0.3057906969028749,0.49420930177355055,0.010000001177229762,0.01000003705272139,0.07999996177039886
227,0.10000000123107936,0.3088377861176712,0.4911622126510103,0.010000001062519985,0.010000031273046975,0.07999996766467216
228,0.10000000114592356,0.3119010796733367,0.48809891918060194,0.01000000095972645,0.010000026604338824,0.07999997243607256
229,0.1000000010670697,0.31498066346692943,0.4850193354659537,0.010000000867241482,0.010000022758745028,0.07999997637406071
230,0.10000000099438829,0.318076623856273,0.4819233751493711,0.0100000007841445,0.010000019549897337,0.07999997966592585
231,0.10000000092763356,0.3211890483305236,0.4788109507419439,0.010000000709572394,0.010000016846065673,0.07999998244426088
232,0.10000000086655986,0.32431802395270537,0.47568197518089445,0.0100000006427777,0.010000014552837213,0.07999998480422549
233,0.10000000081077373,0.32746363871715684,0.47253636047227804,0.010000000582991237,0.010000012597905143,0.07999998681889511
234,0.10000000075993988,0.330625981262291,0.46937401797801775,0.0100000005295599,0.010000010926682474,0.07999998854350891
235,0.10000000071369451,0.3338051404269581,0.4661948588596284,0.010000000481865794,0.010000009495508567,0.07999999002234463
236,0.1000000006716596,0.3370012054818197,0.4629987938468269,0.010000000439327904,0.010000008268611629,0.07999999129175421
237,0.10000006333994271,0.3402150245572014,0.4597849121353717,0.0100000401368937,0.010000721551267418,0.07999923827932309
238,0.10000005986169844,0.34344508568819015,0.45655485448396715,0.010000036753697976,0.010000631193436242,0.07999933201901016
239,0.10000005669380971,0.3466923345754502,0.4533076087654543,0.010000033736048554,0.010000553616381618,0.0799994126128557
240,0.10000005380342378,0.34995686105191154,0.450043085179822,0.010000031042495201,0.010000486986198655,0.07999948193614889
241,0.10000005115997507,0.3532387556918742,0.44676119318339685,0.010000028635495126,0.010000429726220235,0.07999954160303858
242,0.10000004873533858,0.3565381096594627,0.4434618416402342,0.010000026481244243,0.010000380479379449,0.07999959300434088
243,0.10000004650389434,0.3598550150266973,0.44014493850398334,0.010000024549478223,0.01000033807787415,0.07999963733807246
244,0.10000004444251884,0.3631895640838738,0.4368103915075166,0.010000022813248872,0.010000301517872486,0.07999967563496953
245,0.10000004243093137,0.36654184992890854,0.4334581076731049,0.010000021213752652,0.010000269882067224,0.07999970887123542
246,0.10000004081416207,0.3699119680151258,0.43008799120271163,0.010000019864660125,0.010000243949843163,0.0799997361534972
247,0.10000003999754646,0.3733000130908528,0.42669994694301644,0.010000018792886563,0.010000222920365537,0.0799997582553322
248,0.10000003928852656,0.37670607699754244,0.4232938837446802,0.010000017816523885,0.010000204498594272,0.07999977765413276
249,0.1000000386540744,0.38013025523034377,0.41986970614561525,0.010000016929844154,0.010000188298499097,0.0799997947416233
250,0.10000003808476242,0.38357264382790923,0.4164273181166115,0.010000016121999005,0.010000174001758082,0.07999980984695981
251,0.10000003757242457,0.38703333932549705,0.41296662313058885,0.010000015383636669,0.010000161338204468,0.07999982324964842
252,0.10000003711000358,0.3905124388652574,0.4094875240524647,0.010000014706696831,0.01000015007861388,0.0799998351869637
253,0.10000003664803055,0.3940100407922388,0.40598992258674393,0.010000014162842607,0.010000140761903357,0.07999984504824076
254,0.10000003620811128,0.39752624275028464,0.4024737210679346,0.010000013681409773,0.010000132575400035,0.0799998537168597
255,0.10000003579813532,0.40106114333858406,0.39893882088894117,0.010000013234910848,0.010000125175889666,0.07999986156353886
256,0.10000003541464818,0.40461484188737057,0.39538512272298815,0.010000012819937076,0.01000011846378449,0.07999986869127156
257,0.10000003527766654,0.40818743817668085,0.39181252657021465,0.010000012480297221,0.010000112620855789,0.07999987487428502
258,0.10000003575343677,0.41177903251915454,0.3882209317520261,0.010000012284378773,0.01000010795270344,0.07999987973830022
259,0.10000003622958742,0.41538972568639815,0.38461023810865635,0.010000012098915342,0.010000103642631576,0.07999988423381127
260,0.10000003671275476,0.41901961915855895,0.38098034415333,0.010000011925070383,0.010000099667561662,0.07999988838272429
261,0.10000003720731686,0.42266881495898045,0.3773311478583321,0.010000011763195649,0.01000009600144399,0.07999989221073087
262,0.10000003770257525,0.4263374156415464,0.3736625466804731,0.010000011609105132,0.010000092587662409,0.07999989577863752
263,0.1000000382005309,0.4300255242947005,0.3699744375293129,0.010000011462695456,0.010000089404374288,0.07999989910838612
264,0.10000003870331922,0.4337332445636816,0.3662667167574807,0.010000011323905277,0.010000086432548077,0.07999990221906518
265,0.10000003921316089,0.4374606806489427,0.36253928016230674,0.010000011192695479,0.010000083655458755,0.07999990512743549
266,0.10000003973215632,0.4412079372613152,0.35879202303086244,0.01000001106898891,0.010000081057953322,0.07999990784872382
267,0.10000004026285232,0.4449751196521777,0.3550248401092256,0.010000010952826615,0.010000078627331798,0.0799999103955861
268,0.10000004080764634,0.44876233370875607,0.35123762550777526,0.01000001084420063,0.010000076351944501,0.0799999127796771
269,0.10000004136738844,0.4525696857379739,0.3474302729187398,0.01000001074270315,0.010000074218681867,0.0799999150145129
270,0.10000004194461516,0.4563972827145124,0.34360267536490335,0.010000010648378783,0.010000072218656368,0.07999991710893391
271,0.10000004254243654,0.4602452320499946,0.3397547254315353,0.010000010561402851,0.010000070344690791,0.07999991906993997
272,0.10000004322370597,0.46411364143175793,0.33588631536848007,0.010000010496116794,0.010000068680181846,0.07999992079975739
273,0.10000004393885076,0.46800261951586214,0.33199733656922165,0.010000010439517204,0.01000006713302826,0.07999992240352
274,0.10000004424970595,0.47191227513334194,0.3280876806407729,0.010000010354549504,0.010000065576324407,0.07999992404530541
275,0.10000004457124388,0.4758427177733822,0.3241572376791018,0.010000010278313255,0.010000064115621606,0.07999992558233715
276,0.10000004490757566,0.4797940576178653,0.32020589749821543,0.010000010210962695,0.010000062746903184,0.07999992701847793
277,0.10000004525846284,0.48376640530123527,0.31623354946386917,0.01000001015194856,0.010000061460975693,0.07999992836350864
278,0.10000004562600454,0.4877598715612937,0.31224008283616933,0.010000010101344249,0.010000060254958094,0.07999992962023005
279,0.10000004601275796,0.4917745679972082,0.30822538601340105,0.010000010059345484,0.010000059126946214,0.07999993079034098
280,0.10000004642006918,0.495810606490795,0.30418934711239365,0.010000010025887848,0.0100000580728351,0.07999993187801926
281,0.10000004684882537,0.4998680987285088,0.3001318544457942,0.010000010000844153,0.010000057088265105,0.07999993288776232
282,0.10000004729904903,0.5039471576955747,0.29605279502834125,0.010000009983947448,0.010000056168179871,0.07999993382490773
283,0.10000004776939943,0.5080478959198035,0.29195205633354615,0.01000000997470221,0.010000055306350782,0.07999993469619786
284,0.10000004825646551,0.5121704267212183,0.2878295250447735,0.010000009972261286,0.010000054494750171,0.07999993551053128
285,0.10000004875378632,0.5163148619101334,0.2836850893581393,0.010000009975261086,0.010000053722741722,0.07999993627993811
286,0.10000004934463207,0.5204813149208832,0.2795186357560468,0.010000009999727425,0.01000005307231899,0.07999993690639162
287,0.10000005113656948,0.524669885637052,0.2753300632481111,0.010000010183200882,0.010000053143133143,0.07999993665193353
288,0.10000005479899782,0.5288806786036356,0.27111926662037006,0.010000010579056752,0.010000054088144677,0.07999993530979503
289,0.10000005884790542,0.5331138154441634,0.26688612573198267,0.010000011027688794,0.01000005525910265,0.0799999336891571
290,0.10000006335605054,0.5373694015189832,0.2626305351497704,0.010000011538445975,0.010000056689583172,0.07999993174716677
291,0.10000006841028558,0.5416475453326571,0.2583523862822352,0.010000012121809069,0.010000058416937707,0.07999992943607538
292,0.10000007411328668,0.5459483514859128,0.25405157442587784,0.010000012789479729,0.010000060482445276,0.07999992670299758
293,0.10000008058467508,0.550271919722723,0.2497279997169971,0.010000013554309956,0.010000062930902392,0.07999992349039246
294,0.10000008796171014,0.5546183507214386,0.24538156133986447,0.010000014430162234,0.010000065809998517,0.0799999197368261
295,0.1000000009640366,0.5589933174280628,0.24100668160810862,0.01000000015432398,0.010000000691725271,0.07999999915374269
296,0.10000000106071934,0.5633868580434475,0.23661314089600954,0.010000000165745307,0.010000000730614435,0.07999999910346398
297,0.10000000117160733,0.5678037601464034,0.23219623868212272,0.010000000178730994,0.010000000775319451,0.07999999904581614
298,0.1000000012986698,0.5722441480347729,0.2277558506666354,0.010000000193428739,0.010000000826300644,0.0799999989801925
299,0.10000000144407208,0.5767081470190993,0.22329185153683745,0.01000000020999631,0.010000000884049271,0.07999999890594546
300,0.1000000016098051,0.5811958766609089,0.21880412172921057,0.010000000228549999,0.010000000948867572,0.07999999882265785
301,0.1000000017981225,0.5857074679058737,0.21429253029582815,0.010000000249233643,0.010000001021157,0.07999999872978489
302,0.10000000201105912,0.5902430423945948,0.2097569555940544,0.010000000272155907,0.010000001101145723,0.07999999862699
303,0.10000000225065306,0.5948027299373594,0.2051972678115654,0.010000000297431772,0.010000001189045192,0.07999999851394513
304,0.10000000252709047,0.5993866501436212,0.20061334732872343,0.010000000326238634,0.010000001289205055,0.07999999838512131
305,0.10000000284784005,0.6039949283525936,0.19600506879885285,0.010000000359340906,0.010000001404073058,0.07999999823729939
306,0.10000000322758157,0.6086276902158387,0.19137230655572432,0.010000000398368252,0.010000001539209002,0.07999999806327808
307,0.10000000369388774,0.6132850358325505,0.18671496047259242,0.010000000446413896,0.010000001705366735,0.07999999784918864
308,0.10000000429203193,0.6179670873273854,0.18203290837956299,0.010000000508443681,0.010000001919749424,0.07999999757282673
309,0.10000000509646458,0.6226739429483582,0.17732605195422713,0.010000000592406758,0.01000000220985997,0.07999999719868345
310,0.10000000622246752,0.6274056603260598,0.17259433345079747,0.010000000710201165,0.010000002616665733,0.07999999667380821
311,0.10000000783979714,0.6321623050679446,0.1678376870921855,0.010000000878708512,0.01000000319795334,0.07999999592341081
312,0.10000001018297823,0.6369438901980549,0.16305609961998643,0.010000001120313498,0.010000004029757911,0.07999999484890896
313,0.10000001355681032,0.6417503288721488,0.15824965757383927,0.010000001462879817,0.010000005205787765,0.07999999332853398
314,0.10000001835545776,0.6465814547420801,0.15341852690792213,0.010000001941371314,0.010000006842248993,0.07999999121091982
315,0.10000002516468312,0.6514367411942584,0.1485632336501271,0.010000002608559017,0.010000009112366212,0.0799999882700061
316,0.10000003533727428,0.6563144231937719,0.14368554148205778,0.010000003594321434,0.010000012442069762,0.07999998395050492
317,0.10000000053155297,0.6612444195510907,0.13875557991750673,0.010000000053201613,0.010000000182164754,0.07999999976448338
318,0.1000000009168335,0.6661813112008954,0.13381868788233725,0.01000000009056264,0.010000000306008174,0.07999999960336308
319,0.10000000184264214,0.6711437777497004,0.1288562204073323,0.01000000017961259,0.010000000599076096,0.07999999922163632
320,0.10000000397047543,0.676130926656244,0.12386906937191602,0.010000000381177352,0.010000001258059943,0.07999999836212739
321,0.10000000938161087,0.6811362521419163,0.11886373847377954,0.010000000890435718,0.010000002900587406,0.07999999621167017
322,0.10000000037136508,0.6861943231389065,0.11380567648978432,0.010000000035202948,0.010000000112089572,0.07999999985265159
