,090002.OF,165509.OF,161216.OF,050002.OF,159915.OF,165511.OF
0,0.10000000136291476,0.10000001011031008,0.6999999885260167,0.010000000419301314,0.07999641027292587,0.010003589308531232
1,0.10000000516895892,0.1000000385253393,0.69999995630166,0.010000001616943864,0.07986816795690814,0.010131830430189764
2,0.10000000611600335,0.10000004998920954,0.6999999438983585,0.010000001472054336,0.07955960599052955,0.01044039253384472
3,0.10000000065776828,0.10000000574551202,0.6999999935962968,0.01000000012762218,0.07924485145831124,0.010755148414489444
4,0.10000000021392427,0.10000000195949797,0.6999999978265,0.010000000035907708,0.07892248368670707,0.011077516277462883
5,0.10000000988462952,0.10000009579367676,0.6999998943229306,0.010000001355713573,0.07859587168854905,0.011404126954500497
6,0.10000000673022358,0.10000006849052874,0.6999999247805763,0.010000000792799469,0.07827114452309125,0.011728854682780706
7,0.10000000531138308,0.10000005649543829,0.6999999381934165,0.010000000576078678,0.07794374738133042,0.012056252042353017
8,0.1000000043563608,0.10000004853087396,0.6999999471121694,0.010000000446593908,0.07761436563211707,0.012385633921884914
9,0.10000000367137174,0.10000004294687995,0.6999999533806666,0.010000000360678859,0.0772831416711063,0.012716857969296664
10,0.10000000318732762,0.1000000392516668,0.6999999575597003,0.010000000304528526,0.07695010978516466,0.013049889911612055
11,0.10000000284157458,0.10000003694074501,0.699999960216323,0.010000000267472189,0.07661528009445857,0.013384719639426475
12,0.10000000258366519,0.10000003557102581,0.699999961844001,0.010000000241629952,0.07627865409108017,0.013721345668597926
13,0.10000000237881701,0.10000003481712433,0.6999999628028539,0.010000000221940029,0.07594022876675623,0.01405977101250858
14,0.10000000220927048,0.10000003452477586,0.699999963264874,0.010000000205870042,0.07559999836996166,0.014400001425247869
15,0.10000000205895866,0.100000034515993,0.6999999634241006,0.010000000191572956,0.0752579555710137,0.014742044238361002
16,0.10000000191667116,0.10000003463802401,0.6999999634444883,0.010000000177936655,0.07491409204756784,0.015085907775312105
17,0.10000000178274865,0.10000003490700579,0.6999999633095524,0.01000000016504584,0.07456839879687353,0.015431601038773914
18,0.10000000165711297,0.10000003533378429,0.699999963008522,0.010000000152966891,0.07422086649036826,0.015779133357245484
19,0.10000000153936457,0.10000003592493995,0.699999962535216,0.010000000141729479,0.07387148558797364,0.0161285142707765
20,0.1000000014289202,0.10000003668484714,0.699999961885843,0.010000000131332237,0.07352024639967734,0.016479753469380087
21,0.10000000132533465,0.10000003762400063,0.6999999610503547,0.010000000121773966,0.07316713914243815,0.016832860736098038
22,0.10000000122779654,0.10000003874669744,0.6999999600252663,0.010000000113011694,0.07281215394124553,0.017187845945982494
23,0.10000000113570154,0.10000004006717043,0.6999999587969506,0.010000000105018015,0.0724552808569552,0.01754471903820415
24,0.10000000104802381,0.10000004159089945,0.6999999573609553,0.010000000097727052,0.07209650988349033,0.01790349001890408
25,0.10000000096371425,0.10000004332567394,0.6999999557105413,0.010000000091073899,0.07173583095743263,0.01826416895156404
26,0.10000000088173269,0.10000004528493806,0.699999953833306,0.010000000085000228,0.07137323395422618,0.018626765960796852
27,0.10000000086917912,0.1000000484597101,0.6999999506711315,0.010000000081584732,0.07100870863126336,0.01899129128713129
28,0.10000000091226799,0.1000000527965301,0.6999999462912588,0.010000000080379315,0.0706422447738324,0.0193577551457315
29,0.10000000095092423,0.10000005752157803,0.6999999415275845,0.010000000079484804,0.07027383214128664,0.01972616777914186
30,0.10000000098658729,0.10000006270896997,0.6999999363045553,0.010000000078916233,0.06990346037771059,0.020096539543260836
31,0.10000000102085656,0.10000006846784736,0.6999999305114314,0.010000000078715359,0.06953111907084336,0.02046888085030597
32,0.10000000105526954,0.10000007493494026,0.6999999240099471,0.010000000078928319,0.06915679775316998,0.020843202167744754
33,0.10000000109124094,0.10000008227754154,0.6999999166313959,0.010000000079600778,0.06878048590073789,0.02121951401948296
34,0.10000000112986263,0.10000009068686855,0.699999908183469,0.010000000080764546,0.06840217293437205,0.021597826984663143
35,0.10000000117252389,0.10000010043661059,0.6999998983910888,0.010000000082483673,0.06802184821804608,0.02197815169924704
36,0.10000000122089146,0.10000011190889843,0.699999886870458,0.010000000084852759,0.06763950106132074,0.022360498853578686
37,0.10000000127667376,0.10000012560704107,0.699999873116559,0.010000000087983274,0.06725512071749681,0.02274487919424608
38,0.10000000134202197,0.10000014223579001,0.699999856422489,0.01000000009203675,0.06686869638619124,0.02313130352147119
39,0.10000000142040667,0.10000016286509318,0.6999998357148284,0.010000000097292636,0.06648021721353316,0.02351978268884591
40,0.10000000151565426,0.10000018892601081,0.6999998095586889,0.010000000104094381,0.06608967229380665,0.02391032760174506
41,0.10000000163471896,0.10000022266825687,0.6999997756973995,0.010000000113057954,0.06569705067298315,0.024302949213583665
42,0.10000000178668303,0.10000026724802769,0.6999997309656768,0.010000000125029742,0.06530234135304194,0.02469765852154081
43,0.10000000198573847,0.10000032738222095,0.6999996706324242,0.010000000141328102,0.06490553329872643,0.025094466559561955
44,0.10000000225313045,0.1000004100231126,0.6999995877241098,0.010000000163927249,0.06450661544675376,0.025493384388966128
45,0.10000000261923866,0.10000052516527942,0.6999994722157618,0.010000000195658896,0.06410557671875004,0.025894423085311428
46,0.10000000312911839,0.10000068749815201,0.6999993093728721,0.010000000240671514,0.06370240604660121,0.026297593712584687
47,0.10000000384578676,0.10000091807553226,0.6999990780785922,0.010000000304727887,0.06329709238864242,0.02670290730671834
48,0.10000000485557028,0.10000124718395537,0.6999987479600208,0.010000000395640555,0.06288962478558471,0.027110374819228067
49,0.10000000619534283,0.10000171060600055,0.6999982831976581,0.010000000526979497,0.06247999231091498,0.0275200071631041
50,0.10000000805521174,0.10000238033807309,0.6999976116049474,0.010000000709881303,0.062068184488165735,0.02793181480372075
51,0.10000001062205692,0.1000033763614323,0.6999966130137079,0.010000000963538194,0.061654191526664855,0.02834580751259979
52,0.10000001420564868,0.10000495696954821,0.6999950288207104,0.010000001321582826,0.061238005618668,0.02876199306384188
53,0.10000001951481745,0.10000777220294141,0.6999922082768045,0.010000001866200333,0.06081962474685979,0.029180373392376332
54,0.10000002851981969,0.10001356112351646,0.6999864103505983,0.010000002835005994,0.06039906303560378,0.02960093413545589
55,0.10000000046631877,0.10000026870160236,0.6999997308320411,0.010000000048918553,0.05997598489962556,0.030024015051493557
56,0.10000000086651337,0.10000058572619945,0.699999413407353,0.010000000096208049,0.05955085666122365,0.03044914324250241
57,0.10000000173336417,0.10000134184905721,0.6999986564179179,0.010000000201090884,0.05912347426721376,0.030876525531356138
58,0.10000000359025564,0.10000348827939734,0.6999965081311647,0.01000000043306295,0.058693839943354045,0.03130615962276546
59,0.10000000982383225,0.10001418466421474,0.6999858055123948,0.010000001288289718,0.05826204953099289,0.031737949180275754
60,0.10000000042551678,0.10000083970968839,0.6999991598647145,0.010000000060966852,0.05782760091798201,0.032172399021131504
61,0.10000000343619496,0.10001368302060418,0.6999863135433899,0.010000000565937287,0.05739123777935835,0.03260876165451536
62,0.10000004182919012,0.10027474343199048,0.6997252147489987,0.010000007446435534,0.05695631564861044,0.033043676894774665
63,0.10000004092045947,0.10117705684597957,0.6988229022432799,0.01000000721156991,0.056528823689337544,0.03347116908937369
64,0.10000000317576584,0.10272579527100989,0.6972742015533356,0.010000000505199901,0.05610882481012859,0.03389117468456003
65,0.10000004043890537,0.10459243874438871,0.6954075208100108,0.01000000551129929,0.05569128065723305,0.03430871383816274
66,0.10000000925370713,0.10635113484020721,0.693648855906685,0.010000001131397046,0.05526974013357087,0.034730258734432806
67,0.10000000346058253,0.10816920491134925,0.6918307916287308,0.010000000385760145,0.05484671219241764,0.03515328742115954
68,0.10000000161618952,0.1100042201055893,0.6899957782784398,0.010000000170943376,0.054421544469661506,0.03557845535917651
69,0.10000000076923721,0.11185015748839401,0.6881498417423814,0.010000000076464847,0.05399413330057027,0.036005866622952354
70,0.10000004056314465,0.1137241186009181,0.6862758408314286,0.010000003764120339,0.05356472028897753,0.036435275951410745
71,0.1000000248207954,0.11558105062045207,0.684418924554163,0.010000002191077714,0.05313262160508595,0.03686737620842605
72,0.10000001668004578,0.11745335459979488,0.6825466287168935,0.010000001436566,0.052698307350964146,0.037301691215735705
73,0.10000001154549155,0.11933761125650064,0.6806623771960367,0.010000000976714973,0.052261713414579004,0.037738285610677165
74,0.10000000802505175,0.12123270635034332,0.6787672856235804,0.010000000665864784,0.05182280998969582,0.03817718934546407
75,0.10000000561868438,0.12313829296343726,0.6768617014174646,0.010000000455399111,0.051381578735693295,0.038618420809321354
76,0.10000000401910752,0.12505427001645955,0.6749457259643766,0.010000000317098658,0.05093800493599313,0.03906199474696448
77,0.10000000297930509,0.1269806111055834,0.6730193859152412,0.010000000228599542,0.05049207493413104,0.039507924837139594
78,0.10000000230622556,0.12891728482986609,0.6710827128641176,0.010000000172485824,0.050043774911553554,0.03995622491575155
79,0.10000000186194286,0.13086431757812647,0.6691356805601578,0.010000000136357714,0.04959309185021624,0.040406908013198926
80,0.10000000155491476,0.13282174654425624,0.6671782519010421,0.010000000112043774,0.04914001281433163,0.0408599870734115
81,0.10000000132886251,0.13478960474104956,0.6652103939302728,0.01000000009456739,0.048684524734595495,0.04131547517065223
82,0.10000000114937958,0.13676794622372407,0.6632320526270482,0.010000000081160157,0.048226614783496234,0.04177338513519189
83,0.10000010018968598,0.13876440485760919,0.6612354949646448,0.010000007033801923,0.04776637877472858,0.04223361417952956
84,0.10000008777168556,0.14076230556144972,0.6592376066758937,0.010000006132764038,0.04730356349274164,0.04269643036546534
85,0.10000007718442815,0.1427711829874566,0.6572287398346455,0.01000000537167304,0.04683829224725532,0.04316170237454143
86,0.10000006815001244,0.14479100819226606,0.6552089236621775,0.010000004728337947,0.04637055068833903,0.04362944457886707
87,0.10000006047865935,0.14682177006678507,0.6531781694573365,0.01000000418816241,0.0459003246531129,0.044099671155943855
88,0.10000005401966088,0.1488634863813727,0.651136459600429,0.010000003739756874,0.04542760033872598,0.04457239592005459
89,0.10000004861468703,0.15091618578773505,0.6490837655980298,0.010000003371310379,0.04495236402996191,0.045047632598275815
90,0.10000004412584554,0.15297990141162068,0.6470200544622342,0.010000003072413237,0.044474601999556516,0.04552539492832974
91,0.10000004041826843,0.15505467599594755,0.6449452835849463,0.010000002832841469,0.04399430059211014,0.046005696575886185
92,0.10000003736408404,0.15714054836485286,0.6428594142698585,0.01000000264286097,0.04351144601124987,0.046488551347093864
93,0.10000003494735325,0.15923757751861656,0.6407623875326145,0.010000002483511905,0.04302602473328725,0.046973972784616624
94,0.1000000330490193,0.1613457994067659,0.6386541675426947,0.010000002356658216,0.042538022731245705,0.04746197491361626
95,0.10000003154088397,0.16346526116886434,0.6365347072887003,0.010000002259513769,0.04204742608734148,0.047952571654696186
96,0.10000003034374844,0.16559601857922432,0.6344039510754981,0.01000000218600574,0.04155422094990854,0.04844577686561493
97,0.10000002939440855,0.16773812442226715,0.6322618461818552,0.010000002131304914,0.04105839334209486,0.04894160452806938
98,0.10000002864324199,0.16989163538573113,0.6301083359696439,0.01000000209164643,0.040559929265636015,0.049440068644100645
99,0.10000002805205441,0.17205661015352375,0.6279433617931417,0.010000002064165922,0.040058814675020135,0.04994118326209414
100,0.10000002759388636,0.17423310583813667,0.6257668665668094,0.01000000204687907,0.039555035419034705,0.05044496253525391
101,0.10000002724802345,0.17642118315029687,0.6235787896006293,0.010000002038312245,0.03904857732050504,0.05095142064223298
102,0.10000002706639798,0.1786209020667362,0.6213790708659319,0.010000002042555557,0.03853942610895001,0.05146057184942838
103,0.10000002694675639,0.18083232209046088,0.6191676509619647,0.01000000205201276,0.038027567430394905,0.05197243051841041
104,0.10000002689081368,0.18305550616367922,0.6169444669448019,0.010000002066951594,0.03751298689923809,0.05248701103451567
105,0.10000002690494951,0.18529051535206484,0.6147094577423886,0.010000002088035443,0.036995670017958976,0.05300432789460277
106,0.10000002699337804,0.1875374118725846,0.6124625611335428,0.01000000211580271,0.0364756022256794,0.05352439565901235
107,0.1000000271631595,0.18979625876427092,0.6102037140721713,0.010000002151047089,0.03595276889134824,0.054047228958002756
108,0.10000002741987864,0.1920671193848519,0.607932853194961,0.010000002194500389,0.03542715530598742,0.05457284249982063
109,0.10000002776695457,0.1943500575312734,0.6056499147015465,0.01000000224679016,0.03489874668302056,0.055101251070414727
110,0.10000002821002071,0.19664513695088023,0.6033548348389498,0.010000002308767618,0.03436752815263475,0.055632469538746905
111,0.1000000287554265,0.19895242190538684,0.6010475493391068,0.010000002381416006,0.03383348476761291,0.05616651285105101
112,0.10000002941004772,0.20127197738645927,0.5987279932034758,0.010000002465848583,0.03329660150786925,0.05670339602629928
113,0.10000003018004526,0.2036038684965872,0.5963961013234064,0.01000000256321668,0.03275686326929639,0.057243134167448126
114,0.1000000310762431,0.20594816083027873,0.5940518080935664,0.010000002675177354,0.03221425487030743,0.05778574245442693
115,0.10000003210642301,0.2083049199422906,0.5916950479514175,0.010000002803253836,0.03166876104283048,0.058331236153784535
116,0.10000003327907607,0.2106742126093661,0.5893257541117252,0.010000002949149852,0.031120366450294132,0.05887963060038864
117,0.10000003460776956,0.21305610476831424,0.5869438606241132,0.010000003115138387,0.0305690556584611,0.059430941226203494
118,0.10000003610421282,0.21545066358499892,0.5845493003110083,0.010000003303444086,0.030014813163483534,0.05998518353285234
119,0.10000003778357153,0.21785795636157596,0.5821420058550888,0.010000003516690385,0.029457623377537333,0.06054237310553619
120,0.10000003966103835,0.22027805111357748,0.5797219092256294,0.01000000375754968,0.028897470636340256,0.061102525605864856
121,0.10000004176480885,0.22271101536299978,0.5772889428724384,0.01000000402991926,0.028334339181399923,0.06166565678843378
122,0.10000004411168065,0.2251569177215765,0.5748430381669839,0.010000004336536817,0.027768213182714933,0.062231782480507196
123,0.10000004672756009,0.22761582686799683,0.5723841264046698,0.010000004680800131,0.02719907672758067,0.06280091859139232
124,0.10000004963744945,0.2300878122776562,0.5699121380850981,0.010000005065662902,0.026626913825123534,0.0633730811090099
125,0.10000005331098163,0.23257294301773335,0.5674270036714631,0.010000005542291765,0.026051708391775383,0.06394828606575467
126,0.10000005751076804,0.23507128921023818,0.5649286532791369,0.010000006085617357,0.02547344428608344,0.06452654962815617
127,0.10000006199507246,0.23758292101721598,0.5624170169878073,0.01000000666917434,0.0248921052789037,0.06510788805182623
128,0.10000006721572274,0.24010790888614955,0.5598920238981291,0.010000007338106255,0.024307675073151465,0.06569231758874101
129,0.10000007341632466,0.24264632416403673,0.557353602419489,0.010000008111233964,0.023720137307362252,0.06627985458155351
130,0.10000008038265977,0.2451982380495907,0.5548016815674238,0.010000008957742966,0.023129475527900394,0.06687051551468236
131,0.10000008821754133,0.2477637220419774,0.5522361897399528,0.010000009882131336,0.02253567322229864,0.06746431689609857
132,0.10000009704353607,0.250342848640283,0.5496570543154213,0.010000010891970031,0.021938713836551035,0.06806127527223865
133,0.10000010699990937,0.2529356903087217,0.5470642026903489,0.010000011999809766,0.021338580785753524,0.0686614072154566
134,0.10000011824138855,0.25554232001059685,0.5444575617467062,0.010000013226562411,0.020735257512194058,0.06926472926255185
135,0.1000001309272618,0.2581628111789594,0.541837057892158,0.010000014605404122,0.020128727579636806,0.06987125781657992
136,0.10000014543346324,0.26079723826871964,0.5392026162958671,0.01000001621106322,0.019518974881791374,0.07048100890909555
137,0.1000001624907309,0.26344567521373013,0.5365541622932555,0.010000018178892818,0.018905983988387103,0.07109399783500366
138,0.10000018291573046,0.26610819853968487,0.5338916185419945,0.010000020678419333,0.018289740742305265,0.07171023858186547
139,0.10000020837517154,0.268784884619687,0.5312149070023243,0.010000023986215346,0.017670233221119137,0.07232974279548267
140,0.1000002418237652,0.27147581222990413,0.5285239459434555,0.01000002850218427,0.01704745340122756,0.07295251809946328
141,0.10000028824726333,0.2741810626646234,0.5258186490854901,0.010000034765021934,0.01642139956296416,0.07357856567463701
142,0.10000035558442276,0.27690071995530774,0.5230989244584112,0.010000043452360196,0.015792080629814274,0.07420787591968388
143,0.1000004554424505,0.27963487767295947,0.5203646668842652,0.010000055363836047,0.015159526772676872,0.07484041786381199
144,0.10000060321113967,0.28238365433737184,0.5176157424536783,0.01000007149340082,0.014523830028872557,0.07547609847553698
145,0.10000083804662024,0.28514728170438663,0.5148518802543128,0.010000095754554898,0.013885353772447017,0.07611455046767847
146,0.10000001325006817,0.2879244941984585,0.5120754925515275,0.01000000145598205,0.01324017493100617,0.07675982361295762
147,0.10000002823298931,0.29071723042025727,0.5092827413466212,0.010000002837009773,0.012593894424504612,0.07740610273861764
148,0.10000007847734581,0.29352494925084166,0.5064749722709501,0.010000006858627532,0.011944506878157232,0.07805548626407789
149,0.10000039170282081,0.2963493812440648,0.5036502270540527,0.010000029645224904,0.011295921181620944,0.07870404917221589
150,0.10000007635123713,0.2991856536059593,0.5008142700426819,0.010000004885534975,0.010636156291148035,0.07936383882343874
151,0.10000034804170621,0.3020750498509409,0.4979246021111877,0.010000018718576155,0.01005920930136067,0.07994077197622844
152,0.10000007645048187,0.30521253471324106,0.49478738883635826,0.010000003363011772,0.010001505826151929,0.07999849081075523
153,0.10000076454048142,0.30839349774704383,0.4916057377130406,0.010000027105577316,0.01000501160123242,0.07999496129262447
154,0.10000031776643309,0.3115884858261317,0.4884111964065474,0.0100000085126612,0.010000758850297763,0.07999923263792894
155,0.10000028631451092,0.31480193973126197,0.48519777395404534,0.010000005235824548,0.010000277740107671,0.07999971702424968
156,0.10000040856677923,0.31803254647940943,0.4819670449538904,0.010000004208054124,0.010000134536827271,0.0799998612550395
157,0.10000082551562818,0.32128020977108,0.4787189647133794,0.01000000429556691,0.010000081903494785,0.07999991380085072
158,0.10000169641975812,0.3245449188198164,0.47545338476050264,0.010000004818355198,0.010000065276613873,0.07999992990495385
159,0.10000442294637618,0.3278258542351171,0.4721697228187487,0.010000004889427377,0.010000047927112773,0.07999994718321794
160,0.10002446924253722,0.331114187610995,0.46886134314607225,0.010000009929278731,0.010000084003844455,0.07999990606727232
161,0.1000070036984248,0.33444184831802964,0.46555114798348096,0.010000001131890687,0.010000008620970936,0.07999999024720301
162,0.10002110274893071,0.3377711392560826,0.46220775799494646,0.010000000155130346,0.010000000987962344,0.07999999885694752
163,0.10337045980804525,0.33916900018144625,0.4574605400106905,0.01000000208828462,0.010000013201737245,0.07999998470979618
164,0.10701125739144367,0.3404167502459121,0.45257199236148754,0.010000010237906013,0.01000006038266983,0.07999992938058088
165,0.11062503338714674,0.34169825442732255,0.4476767121859859,0.010000002166727943,0.010000012013568711,0.07999998581924818
166,0.11428506115015367,0.34297086113810327,0.4427440777118277,0.010000000904949638,0.01000000474407284,0.07999999435089282
167,0.1180046900627943,0.34422701580490483,0.43776829412940554,0.01000004615380982,0.010000231745597875,0.07999972210348749
168,0.12168436028366339,0.3455244058898304,0.4327912338231715,0.010000029767775887,0.01000014409230403,0.07999982614325478
169,0.12539824823210638,0.346820197995661,0.4277815537706353,0.010000021671588144,0.01000010126864252,0.07999987706136656
170,0.12913619961023776,0.34812037387368555,0.42274342651602187,0.010000016432102224,0.010000074292518034,0.07999990927543449
171,0.1328956168672053,0.34942655156056157,0.41767783157317667,0.010000012723682295,0.010000055834410649,0.07999993144096353
172,0.13667576526987113,0.3507392409695411,0.4125849937620666,0.010000010106929807,0.010000043174669435,0.07999994671692193
173,0.1404764631327748,0.35205865849896706,0.40746487836994827,0.010000008264058948,0.01000003444140632,0.07999995729284463
174,0.14429763326792788,0.3533849398376984,0.4023174268960707,0.0100000069447904,0.010000028277142324,0.07999996477637028
175,0.1481392956904696,0.3547181761480142,0.3971425281631038,0.01000000596816137,0.01000002376136987,0.07999997026888114
176,0.15200148539418076,0.3560584462602077,0.39194006834703243,0.01000000521328992,0.010000020306602922,0.0799999744786862
177,0.15588427420882922,0.3574058074173773,0.3867099183750269,0.01000000460409242,0.010000017553377772,0.07999997784129635
178,0.15978774459396738,0.3587603145437915,0.38145194086328726,0.010000004095002435,0.010000015288068435,0.079999980615883
179,0.16371199708846274,0.36012201045474856,0.37616599245765947,0.01000000366231584,0.010000013394498384,0.07999998294231504
180,0.16765713261831955,0.3614909392585116,0.37085192812388,0.010000003285507573,0.010000011776901619,0.07999998493687975
181,0.17162325511360038,0.3628671427441411,0.36550960214282724,0.010000002952913103,0.010000010377885627,0.07999998666863253
182,0.17561047617209866,0.3642506602883809,0.3601388635399645,0.010000002659788319,0.010000009168225419,0.07999998817154219
183,0.17961890376759015,0.3656415329918016,0.3547395632409446,0.010000002401531446,0.010000008121433219,0.07999998947669909
184,0.18364865120377788,0.36703980002437814,0.3493115487720879,0.010000002174338175,0.010000007215730874,0.079999990609687
185,0.1876998299654935,0.3684455008586554,0.3438546691760164,0.010000001974549578,0.010000006431495744,0.07999999159378911
186,0.19177255417126013,0.3698586757032625,0.3383687701255767,0.01000000179874495,0.010000005751351208,0.07999999244980448
187,0.19586693814236783,0.3712793643077836,0.33285369754989236,0.010000001644057451,0.010000005160936255,0.07999999319496243
188,0.19998309597874556,0.37270760704691874,0.32730929697433314,0.010000001507972135,0.010000004647995006,0.07999999384403524
189,0.20412114392926417,0.3741434435628872,0.3217354125078076,0.01000000138788211,0.010000004200833051,0.07999999441132565
190,0.20828357274921155,0.37558583532911566,0.31613059191442366,0.010000128187286484,0.010000381101022908,0.07999949071893973
191,0.2124653903574451,0.37703715858776227,0.3104974510449668,0.010000118860411508,0.010000347100563195,0.07999953404885114
192,0.2166695114269914,0.37849616421843685,0.3048343243426496,0.010000110604846327,0.010000317285473152,0.07999957212160255
193,0.22089604103114072,0.37996289964625657,0.29914105930898827,0.010000103282607985,0.010000291132122526,0.07999960559888403
194,0.22514508928051807,0.3814374107223589,0.2934174999821566,0.010000096780392466,0.010000268124267504,0.07999963511030624
195,0.22941676734689997,0.38291974318996114,0.28766348944710585,0.010000090994691211,0.010000247834675912,0.07999966118666599
196,0.23371118767803895,0.3844099425384251,0.2818788697666742,0.010000085836261942,0.010000229898877019,0.07999968428172273
197,0.23802846648708964,0.3859080525845614,0.2760634809108582,0.010000081228444401,0.010000214006202707,0.07999970478284364
198,0.24236872030840043,0.38741411810159027,0.2702171615720574,0.010000077105638433,0.010000199892028739,0.07999972302028464
199,0.24673206788225766,0.38892818225469056,0.264339749844781,0.010000073411976817,0.010000187331158376,0.07999973927513546
200,0.2511186288395429,0.3904502890219425,0.25843108212004684,0.010000070100209918,0.010000176132261687,0.07999975378599614
201,0.2555285235761357,0.3919804819009862,0.2524909945043193,0.010000067130641362,0.01000016613287438,0.07999976675504322
202,0.2599618738658762,0.3935188040590213,0.24651932205654656,0.010000064470605375,0.010000157196100628,0.07999977835185001
203,0.2644188020184308,0.39506529800786677,0.24051589995523542,0.010000062093939352,0.010000149207556028,0.07999978871697153
204,0.26889943008672423,0.3966200062662574,0.23448056362872235,0.01000005998085051,0.010000142073499342,0.07999979796394618
205,0.2734038802709245,0.39818296994731045,0.22841314976372187,0.010000058117957235,0.010000135719560042,0.07999980618052592
206,0.27793227369303597,0.39975422841937613,0.22231349786988486,0.010000056498449312,0.010000130089921525,0.07999981342933218
207,0.2824847289053449,0.40133381883888586,0.2161814522385056,0.010000055122945271,0.01000012514828638,0.07999981974603194
208,0.28706136156642237,0.4029217737940538,0.21001686462281935,0.010000054000763108,0.010000120879878342,0.07999982513606312
209,0.291662281273951,0.40451812041828594,0.2038195982917696,0.010000053150467257,0.010000117291933723,0.07999982957359249
210,0.2962875872595999,0.40612287190357593,0.19758954082157026,0.01000005296315645,0.010000115190500196,0.0799998318615974
211,0.30093736734930737,0.4077360367691947,0.1913265958677184,0.010000053301713828,0.010000114232347488,0.07999983247971823
212,0.3056116970399427,0.40935761153981515,0.1850306914088951,0.010000053762164294,0.010000113532913394,0.07999983271626951
213,0.3103106172398581,0.41098755082950483,0.17870183192247707,0.010000054974972682,0.010000114401136616,0.07999983063205063
214,0.3150377887148782,0.41262963174534684,0.17233257953973402,0.010000000572919995,0.010000001175321484,0.07999999825179935
215,0.31978765049105207,0.4142777404715576,0.1659346090374035,0.010000000606664368,0.010000001227825616,0.07999999816549691
216,0.32456275930737016,0.41593460453753084,0.15950263615518345,0.010000000657157684,0.01000000131352771,0.07999999802923007
217,0.329363235160543,0.41760025042225457,0.153036514417357,0.010000000736363385,0.0100000014547963,0.07999999780868573
218,0.33418916889953665,0.419274698166462,0.14653613293416254,0.010000000893963855,0.010000001746726923,0.07999999735914805
219,0.3390405530661375,0.42095785937882413,0.14000158755492692,0.010000001302531007,0.010000002519095804,0.07999999617848469
220,0.3439171694432229,0.4226494066625243,0.13343342389303295,0.010000002404087922,0.010000004612114153,0.07999999298501771
221,0.34881775369741913,0.42434811659375565,0.1268341297048969,0.010000005161884219,0.01000000984209254,0.0799999849999516
222,0.35372922375966975,0.42604169303406386,0.12022908320400016,0.010000015882778057,0.010000030061316492,0.07999995405817156
223,0.3587054384367424,0.42778040081348334,0.11351416075045281,0.010000000918428115,0.010000001725918339,0.07999999735497494
224,0.3636885314363217,0.4295098899506926,0.1068015786128554,0.01000000017965374,0.010000000333925872,0.07999999948655077
225,0.36843706130384335,0.43100514317484917,0.10055779551797067,0.010000003677132243,0.010000006659921536,0.07999998966628315
226,0.3702473357603914,0.42975025207266876,0.10000241216678434,0.010000000208747186,0.010000000384961339,0.0799999994064469
227,0.3717766000726789,0.4282179556761846,0.10000544425199588,0.010000001117453694,0.010000002068115379,0.07999999681357163
228,0.37331816226178965,0.4266811508036057,0.10000068693462451,0.010000000212709428,0.010000000393415026,0.07999999939385569
229,0.3748587952362715,0.4251275848810581,0.10001361987731137,0.010000006448553,0.010000011926162181,0.07999998163064373
230,0.37641886173689326,0.42357628847123163,0.10000484978940336,0.010000002995278132,0.010000005529109322,0.07999999147808444
231,0.37798407919486415,0.4220138266376577,0.10000209416675511,0.010000001526259952,0.010000002812527513,0.07999999566193555
232,0.379556765328265,0.42044225241406463,0.10000098225763185,0.0100000008778102,0.010000001616862368,0.07999999750536586
233,0.3811374810876004,0.4188619992388004,0.10000051967375752,0.01000000059824536,0.01000000110243903,0.07999999829915726
234,0.38272646861173,0.4172732165543931,0.1000003148340519,0.01000000046585186,0.010000000859087688,0.07999999867488557
235,0.3843238467378066,0.4156759413307147,0.10000021193161777,0.01000000038956318,0.010000000719027038,0.07999999889127074
236,0.3859297060651333,0.41407014191167735,0.10000015202328542,0.010000000336838413,0.010000000622471587,0.07999999904059386
237,0.38754408597295575,0.41245580124807474,0.10000011277902889,0.010000000296573773,0.01000000054900715,0.0799999991543598
238,0.3891627555788963,0.41082871993515063,0.10000852448908175,0.01000002648441098,0.010000049136198744,0.07999992437626165
239,0.390795356284499,0.4091981255840643,0.10000651813257563,0.010000023942002563,0.010000044536147789,0.07999993152071054
240,0.39243636769240353,0.4075585987786184,0.10000503352879385,0.010000021898360795,0.010000040852121398,0.0799999372497021
241,0.3940859032924178,0.40591016941882807,0.10000392728776276,0.010000020246404602,0.010000037883068346,0.07999994187151849
242,0.3957440659433089,0.40425283483866997,0.10000309921660684,0.010000018895637106,0.010000035460246984,0.07999994564553024
243,0.3974109394818241,0.40258658355008103,0.10000247696653389,0.010000017777660384,0.010000033457327194,0.07999994876657349
244,0.3990865915206033,0.4009113902623631,0.10000201821549481,0.010000017001287855,0.010000032086321787,0.07999995091392934
245,0.4007710980326668,0.3992272376907108,0.10000166427525535,0.010000016256192415,0.010000030758442201,0.07999995298673242
246,0.4024645215529142,0.39753408920563993,0.100001389240343,0.010000015549430539,0.010000029490503371,0.07999995496116909
247,0.40416691792705023,0.3958319084797956,0.10000117359236842,0.010000014883526429,0.010000028290099959,0.07999995682715942
248,0.4058783433586502,0.3941206539581458,0.10000100268276188,0.010000014258169283,0.01000002715891568,0.07999995858335708
249,0.40759885240037647,0.3924002820383536,0.10000086556118072,0.010000013671414294,0.010000026095081977,0.07999996023359297
250,0.4093284967465393,0.3906707491838859,0.10000075406983654,0.010000013120497276,0.010000025094795674,0.07999996178444527
251,0.4110673269800974,0.38893200847479653,0.10000066454571661,0.01000001268202567,0.010000024315355106,0.07999996300200869
252,0.41281539582490606,0.38718401416943105,0.1000005900066063,0.010000012281211924,0.010000023606314398,0.07999996411153039
253,0.41457275364806734,0.38542671954941693,0.10000052680377212,0.010000011901367775,0.010000022934679135,0.07999996516269671
254,0.4163394516684448,0.3836600757668156,0.10000047256628829,0.010000011540427118,0.010000022296979813,0.07999996616104431
255,0.41811554069817164,0.38188403378447483,0.10000042551917394,0.010000011196555603,0.010000021690069614,0.07999996711155438
256,0.4199010712404919,0.38009854443547214,0.10000038432610737,0.010000010868172093,0.01000002111119085,0.07999996801856563
257,0.421696093471556,0.3783035583747353,0.10000034815602916,0.010000010568923145,0.010000020580295352,0.07999996884846095
258,0.42350065869875403,0.37649902521128475,0.10000031609252838,0.010000010286199967,0.010000020079001332,0.07999996963223151
259,0.4253148177109183,0.374684894797198,0.10000028749469236,0.010000010015932186,0.010000019600935009,0.07999997038032393
260,0.427138621740782,0.3728611160695252,0.10000026219274179,0.010000009768746047,0.010000019166987605,0.07999997106121745
261,0.4289721226742326,0.37102763791573684,0.10000023941331473,0.010000009530545225,0.010000018749654015,0.07999997171651668
262,0.4308153724187798,0.3691844087498583,0.10000021883487575,0.010000009299755124,0.010000018345825614,0.07999997235090532
263,0.432668422218899,0.36733137755582407,0.10000020022901548,0.010000009076516598,0.010000017955748586,0.07999997296399625
264,0.4345313249345812,0.365468491670183,0.10000018339919405,0.010000008860889703,0.010000017579512225,0.07999997355563992
265,0.4364041327163798,0.3635956991150907,0.10000016817270257,0.01000000865281008,0.01000001721696279,0.0799999741260539
266,0.4382868985216914,0.3617129470831953,0.1000001543994972,0.010000008452291074,0.0100000168681054,0.07999997467521973
267,0.4401796721740614,0.35982018278777167,0.10000014504398204,0.010000008418100866,0.010000016856246909,0.07999997471983718
268,0.442082509859289,0.357917353163344,0.1000001369846545,0.01000000840064515,0.010000016876509579,0.0799999747155577
269,0.44399546525806977,0.35600440497998886,0.10000012977060582,0.010000008382176639,0.010000016892748959,0.07999997471640999
270,0.4459185920575033,0.3540812846364916,0.10000012331595444,0.010000008362943666,0.01000001690548507,0.079999974721622
271,0.44785194434547343,0.3521479381228415,0.10000011754283067,0.010000008343169713,0.010000016915194124,0.07999997473049066
272,0.44979557644908824,0.35020431085276543,0.10000011271037514,0.01000000834121591,0.010000016959326088,0.07999997468722912
273,0.45174954163303654,0.3482503485344602,0.10000010984558591,0.010000008419058062,0.01000001716418677,0.07999997440367268
274,0.45371389603785695,0.34628599662672843,0.10000010734923793,0.010000008493114028,0.010000017359423565,0.07999997413363913
275,0.4556886952786658,0.3443111995669976,0.10000010516879353,0.010000008563394407,0.01000001754510307,0.07999997387704573
276,0.45767399494505684,0.34232590181269623,0.100000103257236,0.01000000862992223,0.010000017721320087,0.07999997363376869
277,0.4596698504491051,0.3403300479937485,0.10000010157257226,0.010000008692730784,0.010000017888192547,0.07999997340365085
278,0.4616763180792875,0.33832358185909944,0.1000001000773866,0.010000008751862324,0.010000018045858334,0.07999997318650577
279,0.4636934541580918,0.33630644711951696,0.10000009873842965,0.010000008807366782,0.010000018194472198,0.07999997298212247
280,0.4657213154658694,0.33427858702406854,0.1000000975262892,0.01000000885930503,0.010000018334212026,0.0799999727902557
281,0.4677599588850354,0.33223994471650803,0.10000009641480256,0.010000008907726168,0.010000018465231544,0.07999997261069648
282,0.46980944149867504,0.3301904631365661,0.10000009538116036,0.0100000089527047,0.010000018587736704,0.07999997244315715
283,0.47186982079512424,0.328130084816016,0.10000009440526011,0.010000008994308125,0.010000018701918507,0.07999997228737306
284,0.4739411546662574,0.32605875188056554,0.10000009346952622,0.010000009032603844,0.010000018807966804,0.0799999721430803
285,0.47602350107670127,0.3239764063808696,0.10000009255868375,0.010000009067660534,0.010000018906072864,0.07999997201001215
286,0.47811691894243424,0.321882989414179,0.10000009165950978,0.01000000909954528,0.010000018996423166,0.07999997188790854
287,0.4802214662041516,0.3197784430511922,0.10000009076061754,0.010000009128322102,0.010000019079195979,0.07999997177652057
288,0.48233720191479573,0.31766270824872095,0.10000008985225929,0.010000009154050487,0.010000019154558122,0.07999997167561546
289,0.48446418559536863,0.31553572549405995,0.10000008892614463,0.010000009176783734,0.010000019222661184,0.07999997158498187
290,0.4866024767509573,0.3133974352891295,0.1000000879752726,0.010000009196567053,0.010000019283637213,0.0799999715044362
291,0.4887521355930192,0.31124777742834164,0.10000008699378016,0.010000009213435971,0.010000019337595263,0.07999997143382769
292,0.49091322117928377,0.309086692858837,0.10000008597680295,0.010000009227414194,0.010000019384616554,0.07999997137304556
293,0.4930857948613992,0.3069141202329673,0.10000008492034702,0.010000009238511492,0.010000019424749774,0.0799999713220253
294,0.4952699167069853,0.3047299994863579,0.10000008382117229,0.010000009246721349,0.010000019458005924,0.07999997128075727
295,0.49746563636789437,0.3025342802625753,0.1000000833832434,0.010000009319825146,0.0100000196166863,0.07999997104977552
296,0.49967301222991967,0.3003269041076125,0.10000008367472683,0.010000009464802421,0.010000019915048206,0.07999997060789052
297,0.5018921150279854,0.29810780102609086,0.10000008395673295,0.010000009610926855,0.010000020215273868,0.07999997016299021
298,0.5041230067253024,0.2958769090561554,0.10000008422790936,0.0100000097581124,0.010000020517181076,0.07999996971533936
299,0.5063657489977038,0.29363416652339913,0.10000008448683484,0.010000009906230458,0.010000020820493066,0.07999996926533863
300,0.5086204031750273,0.29137951209951723,0.10000008473198192,0.01000001005510613,0.010000021124830758,0.0799999688135366
301,0.5108870309787678,0.289112884064704,0.10000008496166811,0.010000010204513242,0.010000021429702594,0.07999996836064441
302,0.5131656946473332,0.2868342201824284,0.10000008517402349,0.010000010354170192,0.010000021734496113,0.0799999679075486
303,0.5154564563714772,0.2845434582640328,0.1000000853669614,0.010000010503736154,0.010000022038470545,0.07999996745532198
304,0.5177593765043234,0.2822405379587363,0.10000008553814879,0.010000010652806587,0.010000022340747997,0.07999996700523689
305,0.5200745197756306,0.27992539453938603,0.10000008568499126,0.010000010800910572,0.010000022640308802,0.0799999665587728
306,0.5224019448748839,0.277597969092952,0.1000000860310422,0.010000010975450566,0.010000022993696848,0.07999996603197453
307,0.5247417153655712,0.27525819822124226,0.1000000864110138,0.010000011156475556,0.010000023359486769,0.0799999654862105
308,0.5270938939865729,0.27290601920451196,0.10000008680578361,0.010000011341579467,0.010000023732590875,0.0799999649289612
309,0.5294585459475515,0.2705413668319536,0.10000008721651098,0.010000011530819435,0.01000002411300498,0.07999996436015948
310,0.5318357314565265,0.2681641808944643,0.10000008764429469,0.010000011724231279,0.010000024500671409,0.0799999637798118
311,0.5342255140220425,0.2657743978824434,0.10000008809020745,0.010000011921834388,0.01000002489548994,0.0799999631879822
312,0.5366279559996014,0.2633719554393327,0.10000008855532323,0.01000001212363598,0.010000025297327816,0.07999996258477869
313,0.5390431209824382,0.26095678997109467,0.10000008904046358,0.010000012329596264,0.010000025705947857,0.0799999619704594
314,0.5414710711244701,0.2585288393229956,0.10000008954646471,0.010000012539665117,0.010000026121086518,0.07999996134531812
315,0.5439118659852054,0.25608804393478535,0.10000009007408861,0.010000012753770085,0.010000026542429718,0.07999996070972082
316,0.5463655730774079,0.2536343362930366,0.10000009062402068,0.010000012971816892,0.010000026969615376,0.07999996006410262
317,0.5488322506091975,0.251167658189052,0.10000009119685985,0.010000013193688359,0.010000027402231918,0.07999995940897035
318,0.551311956801437,0.24868795140148622,0.10000009179311109,0.010000013419243881,0.010000027839818142,0.07999995874490362
319,0.5538047833956361,0.2461951244730122,0.10000009212879543,0.010000013600673367,0.010000028189484355,0.0799999582123986
320,0.5563234206224115,0.24367657845418378,0.1000000009233969,0.010000000137535764,0.010000000284852678,0.07999999957761954
321,0.5588438759678968,0.24115612310477041,0.10000000092734258,0.010000000139348202,0.0100000002883518,0.07999999957229034
322,0.5613777317162615,0.23862226735253073,0.10000000093123536,0.010000000141177953,0.010000000291850254,0.07999999956694429
